2800;2;1101
2800;2;1102
2800;2;1103
|20|
2700;2;1121
|13|
2560;1;1151
|4|
410;7;1161
410;7;1162
410;7;1163
|30|
2800;2;1103
2800;2;1104
|8|
2560;1;1151
|2|
410;7;1164
410;7;1165
|17|
2800;2;1104
2800;2;1105
|4|
2800;2;1031
|4|
2560;1;1071
|4|
980;3;1091
980;3;1092
|12|
2800;2;1032
|3|
2800;2;1111
|2|
2560;1;1071
|1|
980;3;1092
|2|
520;10;1041
|11|
2800;2;1111
|2|
2800;2;1032
2800;2;1033
|8|
520;10;1041
|9|
2800;2;1033
2800;2;1034
|8|
2800;2;1011
|7|
2800;2;1021
|7|
2800;2;1011
2800;2;1011
|8|
2800;2;1034
2800;2;1035
2800;2;1036
|3|
2800;2;1112
2800;2;1113
|11|
2800;2;1036
|10|
2800;2;1114
2800;2;1115
2800;2;1116
|16|
2800;2;1036
|3|
2800;2;1171
2800;2;1172
2800;2;1173
|2|